numLevels  = 7
dataType   = 3
width      = 16384
height     = 8192
i2mTransform = 0.0219727,0.0,0.0,-0.0219727,-180.0,90.0