numLevels  = 7
dataType   = 0
width      = 16384
height     = 8192
i2mTransform = 0.02197265625,0.0,0.0,-0.02197265625,-180.0,90.0